2.733888806115549741e-01 7.266111193884450259e-01 7.266111193884451369e-01 8.366298569538860308e-01 8.000401660195476383e-01 1.999598339804525837e-01
1.000000000000000000e+00 0.000000000000000000e+00 0.000000000000000000e+00 0.000000000000000000e+00 1.000000000000000000e+00 0.000000000000000000e+00
7.330750805129913061e-01 2.669249194870090269e-01 2.669249194870090269e-01 4.144511320885261307e-01 2.288793680546257758e-01 7.711206319453743907e-01
9.600701408547562821e-01 3.992985914524430080e-02 3.992985914524427304e-02 7.751560123116418843e-02 1.000000000000000000e+00 0.000000000000000000e+00
7.038268025168195052e-01 2.961731974831810499e-01 2.961731974831810499e-01 4.493115906222805434e-01 2.284107644932387160e-01 7.715892355067613950e-01
4.860577859787040822e-02 9.513942214021293697e-01 9.513942214021293697e-01 9.744854599947355700e-01 7.973624313830500743e-01 2.026375686169500923e-01
7.155054840521239967e-01 2.844945159478757257e-01 2.844945159478757257e-01 4.355683515541878270e-01 2.263355201499531733e-01 7.736644798500470488e-01
7.177289033041844846e-01 2.822710966958156265e-01 2.822710966958156265e-01 4.329256792229988493e-01 2.203106172178337374e-01 7.796893827821664846e-01
9.675197414415555031e-01 3.248025855844499654e-02 3.248025855844496879e-02 6.364495671490277839e-02 1.000000000000000000e+00 0.000000000000000000e+00
2.861792717728883773e-02 9.713820728227109402e-01 9.713820728227109402e-01 9.851487795131005365e-01 7.914044718168430359e-01 2.085955281831570751e-01
3.387619909917138905e-01 6.612380090082862205e-01 6.612380090082862205e-01 7.896412884130098453e-01 7.695139911634758523e-01 2.304860088365243420e-01
7.472293216279100037e-01 2.527706783720903294e-01 2.527706783720903294e-01 3.970371800194131273e-01 2.288124246887133784e-01 7.711875753112867882e-01
3.470023953331118349e-01 6.529976046668881651e-01 6.529976046668882761e-01 7.834708643922106974e-01 7.594724862766101259e-01 2.405275137233900407e-01
2.965972516704296069e-01 7.034027483295702821e-01 7.034027483295703931e-01 8.203388216986168269e-01 8.007765430445844546e-01 1.992234569554157675e-01
2.631886582696298937e-01 7.368113417303702173e-01 7.368113417303703283e-01 8.436580829650003333e-01 7.739991966796091472e-01 2.260008033203909916e-01
0.000000000000000000e+00 1.000000000000000000e+00 1.000000000000000000e+00 9.999999999999998890e-01 8.011112598741465529e-01 1.988887401258535581e-01
9.958626064433317993e-01 4.137393556668533812e-03 4.137393556668533812e-03 8.416199619865949444e-03 9.939081537019681667e-01 6.091846298031866266e-03
9.394977823112098392e-01 6.050221768879004980e-02 6.050221768879004980e-02 1.145721820976621785e-01 1.000000000000000000e+00 0.000000000000000000e+00
7.256942454700698875e-01 2.743057545299302236e-01 2.743057545299302236e-01 4.233882216289842626e-01 2.362431383049939937e-01 7.637568616950062284e-01
3.548302064112407450e-01 6.451697935887591440e-01 6.451697935887590329e-01 7.775562289677825367e-01 7.916722452804928478e-01 2.083277547195073465e-01
9.858228370371220350e-01 1.417716296287807598e-02 1.417716296287807598e-02 2.844888864228467540e-02 1.000000000000000000e+00 0.000000000000000000e+00
7.127090186010800466e-01 2.872909813989203420e-01 2.872909813989203975e-01 4.388801329019328401e-01 2.336992904003213356e-01 7.663007095996787754e-01
6.566192566444710721e-01 3.433807433555292610e-01 3.433807433555292610e-01 5.026290690571074693e-01 2.519748292944169465e-01 7.480251707055831645e-01
9.432340435285899716e-01 5.676595647141075007e-02 5.676595647141075007e-02 1.079722091844339538e-01 1.000000000000000000e+00 0.000000000000000000e+00
6.697534755251970395e-01 3.302465244748031825e-01 3.302465244748030715e-01 4.881410884306113251e-01 2.370464586959432629e-01 7.629535413040569036e-01
9.971920736249764161e-01 2.807926375024333288e-03 2.807926375024361043e-03 5.722318637735757108e-03 0.000000000000000000e+00 1.000000000000000000e+00
9.730782895717053904e-01 2.692171042829474836e-02 2.692171042829472061e-02 5.312842353635927051e-02 1.000000000000000000e+00 0.000000000000000000e+00
9.616861311358926301e-01 3.831386886410784176e-02 3.831386886410784176e-02 7.452801217314342086e-02 1.000000000000000000e+00 0.000000000000000000e+00
