2.860569113459585644e-01 7.139430886540409915e-01 7.139430886540407695e-01 8.445582415702963530e-01 0.000000000000000000e+00 0.000000000000000000e+00
3.388594798096584704e-01 6.611405201903416406e-01 6.611405201903415296e-01 8.086589856032284640e-01 0.000000000000000000e+00 0.000000000000000000e+00
9.573069352342002958e-01 4.269306476579970422e-02 4.269306476579967646e-02 9.121098662644511190e-02 0.000000000000000000e+00 0.000000000000000000e+00
8.240105490473368377e-01 1.759894509526631345e-01 1.759894509526631068e-01 3.175465668253134588e-01 0.000000000000000000e+00 0.000000000000000000e+00
7.938922544766562339e-01 2.061077455233436273e-01 2.061077455233435995e-01 3.602804921821347595e-01 0.000000000000000000e+00 0.000000000000000000e+00
9.646071817608481425e-02 9.035392818239151858e-01 9.035392818239149637e-01 9.543544556882110896e-01 0.000000000000000000e+00 0.000000000000000000e+00
0.000000000000000000e+00 1.000000000000000000e+00 1.000000000000000000e+00 1.000000000000000000e+00 0.000000000000000000e+00 0.000000000000000000e+00
1.164981749383682263e-01 8.835018250616317737e-01 8.835018250616315516e-01 9.440538928127395479e-01 0.000000000000000000e+00 0.000000000000000000e+00
3.654996464540292145e-01 6.345003535459705635e-01 6.345003535459705635e-01 7.895687569494749258e-01 0.000000000000000000e+00 0.000000000000000000e+00
7.771513750071661342e-01 2.228486249928335605e-01 2.228486249928335328e-01 3.830130330035335096e-01 0.000000000000000000e+00 0.000000000000000000e+00
8.498576260821368855e-01 1.501423739178626982e-01 1.501423739178626704e-01 2.788042525627549839e-01 0.000000000000000000e+00 0.000000000000000000e+00
6.678196724444340759e-02 9.332180327555565924e-01 9.332180327555563704e-01 9.690839998681106682e-01 0.000000000000000000e+00 0.000000000000000000e+00
3.860339786343569557e-01 6.139660213656430443e-01 6.139660213656428223e-01 7.743855886772066377e-01 0.000000000000000000e+00 0.000000000000000000e+00
8.555812486861436028e-02 9.144418751313854177e-01 9.144418751313851956e-01 9.598378976470856028e-01 0.000000000000000000e+00 0.000000000000000000e+00
3.868366235404283593e-01 6.131633764595715297e-01 6.131633764595716407e-01 7.737836402711606443e-01 0.000000000000000000e+00 0.000000000000000000e+00
8.244500926863755907e-01 1.755499073136239374e-01 1.755499073136239652e-01 3.169043617456515083e-01 0.000000000000000000e+00 0.000000000000000000e+00
3.469432606493780824e-01 6.530567393506221396e-01 6.530567393506221396e-01 8.029374009908374354e-01 0.000000000000000000e+00 0.000000000000000000e+00
4.323962772564828860e-01 5.676037227435166699e-01 5.676037227435166699e-01 7.385361653940885063e-01 0.000000000000000000e+00 0.000000000000000000e+00
1.309075620616506619e-01 8.690924379383491161e-01 8.690924379383491161e-01 9.364657343297970726e-01 0.000000000000000000e+00 0.000000000000000000e+00
3.987711888699903007e-01 6.012288111300093663e-01 6.012288111300092552e-01 7.647568413385172903e-01 0.000000000000000000e+00 0.000000000000000000e+00
9.130372465457599063e-01 8.696275345423970515e-02 8.696275345423970515e-02 1.745083726674616642e-01 0.000000000000000000e+00 0.000000000000000000e+00
4.214554627630091588e-01 5.785445372369905082e-01 5.785445372369903971e-01 7.471976943549554218e-01 0.000000000000000000e+00 0.000000000000000000e+00
1.024232231926154313e-01 8.975767768073845687e-01 8.975767768073843467e-01 9.513196429958410416e-01 0.000000000000000000e+00 0.000000000000000000e+00
5.951038660729590646e-02 9.404896133927036495e-01 9.404896133927034274e-01 9.725984352465055771e-01 0.000000000000000000e+00 0.000000000000000000e+00
1.381791426987977189e-01 8.618208573012020590e-01 8.618208573012018370e-01 9.325782680940148950e-01 0.000000000000000000e+00 0.000000000000000000e+00
1.000000000000000000e+00 0.000000000000000000e+00 0.000000000000000000e+00 0.000000000000000000e+00 0.000000000000000000e+00 0.000000000000000000e+00
8.688917767118309321e-01 1.311082232881686516e-01 1.311082232881686238e-01 2.489174466891468374e-01 0.000000000000000000e+00 0.000000000000000000e+00
2.959275326313370869e-01 7.040724673686624691e-01 7.040724673686624691e-01 8.380374465450632915e-01 0.000000000000000000e+00 0.000000000000000000e+00
